0		0.04705882352941176		0.05882352941176471		0.07547169811320754		0.1		0.1379310344827586		0.2		0.3076923076923077		0.5		0.8		1		0.8		0.5		0.3076923076923077		0.2		0.1379310344827586		0.1		0.07547169811320754		0.05882352941176471		0.04705882352941176		0.03846153846153846		
0.5		0.04414705882352941		0.05478135405105439		0.069649833518313		0.09123422251138583		0.1240172413793103		0.1765888594164456		0.2665000000000001		0.431		0.7205000000000001		0.9820000000000001		0.8705000000000001		0.5786923076923077		0.3565		0.2275172413793104		0.1540172413793103		0.1099720234222512		0.08200277469478358		0.06330521642619311		0.05025565610859729		0.03923529411764706		
1		0.04207266370699224		0.05114647613762487		0.06448411917792492		0.08358304967660457		0.1121045328061658		0.156896724137931		0.231694827586207		0.368525		0.6365900000000001		0.942715		0.9228823076923078		0.6589250000000001		0.4133706896551725		0.2603863793103449		0.1729744892648016		0.1214976120402618		0.08942002181484177		0.06832144412191581		0.05395745837957824		0.04086852941176471		
1.5		0.04088510721420644		0.04797663019442001		0.05987789108270505		0.07686400250075812		0.101839663506066		0.1403084459661678		0.2027420293103449		0.3136962913793103		0.5521742000000002		0.8851030576923077		0.9544652		0.7361798775862071		0.4773171327586208		0.2993965682823683		0.1954248799322592		0.1349037500727162		0.0978905025665559		0.07394388527498183		0.0581327731409545		0.04329443645948946		
2		0.0406103165041142		0.04534415082000844		0.05577360351059391		0.07092926636868044		0.09293018745172033		0.1262515071353094		0.178917283040989		0.2670200298706897		0.4707134777612735		0.8128989055000001		0.9638595411034482		0.8059261036637932		0.5464770272700066		0.3450081056319991		0.2220540777957825		0.1505917613834739		0.1076224806458724		0.08027364242091166		0.06277396535864366		0.04644089168312986		
2.5		0.04125022606085336		0.04332596059589758		0.05214851563583066		0.06566381539763437		0.08514126927375069		0.1142239433269132		0.159396668322263		0.2284521822103868		0.3950637855100433		0.7303218803525864		0.9510052280919395		0.8639652769858737		0.6182238339387859		0.3972047182742133		0.2535336564471372		0.1690386875613222		0.1188731184033256		0.08744413196631715		0.06790137512171487		0.0502380514436517		
3		0.04278489988431939		0.04199482408237099		0.04900901092805432		0.06098319928709044		0.07828948499232595		0.1038096857620348		0.1433371579899168		0.1974921386557388		0.3273724229081432		0.6417748003456584		0.9171111701489028		0.9067409189715008		0.6893504224777482		0.4553889073206479		0.2904214852364276		0.1907825912556458		0.1319554479650208		0.09562477379021704		0.07356686169260895		0.05462612122606784		
3.5		0.04517689600516492		0.04141239924495418		0.04638395471544728		0.05683107255802868		0.0722351381989856		0.09468286202801396		0.1299430279355685		0.173294487579401		0.2690335178479853		0.5515560179160023		0.8645094544108973		0.9315891200829381		0.7563075283855255		0.5183329820951256		0.3330522164108326		0.2163890256274139		0.1472414616950471		0.1050253360245526		0.07985693230062933		0.05956289385792694		
4		0.04837743774627564		0.0416244627887935		0.04431755402523008		0.05317645768642483		0.06687433439695102		0.0866032384610602		0.1185153923209929		0.1547883547706523		0.2206995444384696		0.463604019570775		0.7964401693988284		0.9369131524051186		0.815474766127013		0.5841924990186044		0.3814316007515287		0.246398842043079		0.1651579298572605		0.115900162921311		0.08689564506327811		0.06503076112879391		
4.5		0.05233389817640233		0.04265851832567669		0.0428622163496995		0.0500106944178866		0.06213171351166695		0.07940532601326598		0.1084838612610918		0.1407944521778479		0.1823418925643532		0.3812898511880298		0.7167874569666977		0.9222719512780932		0.8634398894976266		0.6505824354227872		0.4351484155779957		0.2812605257707377		0.1861719732617698		0.1285509018489146		0.09484733885871538		0.07104301245118276		
5		0.05699809034431071		0.04452382910404579		0.04207190503785541		0.04734403418974319		0.05795438547571188		0.07298372537443247		0.09942093484150641		0.1301314057084974		0.1533506060334986		0.3072677506496528		0.629789551937161		0.8883798413743202		0.8972621742226758		0.7147102110510839		0.4933162778774921		0.3212529622965947		0.2107644534993684		0.1433258848883923		0.1039189879145952		0.07764931309950356		
5.5		0.06233487621180114		0.04721376207284745		0.04199645666981432		0.04520188212009836		0.05430728628558232		0.0672770971001392		0.09104107955439295		0.121704847855309		0.1326615617854272		0.2433891183143144		0.5397458202951952		0.8370220899849968		0.9146980754502636		0.7735542068527715		0.5545547429823368		0.3664066022585784		0.23939076241898		0.1606141299497814		0.1143616486800702		0.08494027807774165		
6		0.06833064656024967		0.0507101963972619		0.04267726155112596		0.04362075671991715		0.05116990233778448		0.06225276583360396		0.08318740730421728		0.114574958073968		0.118898609133521		0.1906797910831889		0.4507422550914943		0.7708972389216324		0.9143713644872733		0.8240722049356781		0.6170151932130662		0.4164321528828692		0.2724303975969675		0.1808320838145948		0.1264701264409084		0.09305101254111948		
6.5		0.07500126519363301		0.05498964233788878		0.04414461685339939		0.0426441148721268		0.0485341182752393		0.05789347009750477		0.07580945938662387		0.1080004023126136		0.1105184730721931		0.1493759018821316		0.3664138013077103		0.6934022338903634		0.8958753217548908		0.8634215272791135		0.6784525297336462		0.4706660300522773		0.3101285628248674		0.2044017605263946		0.1405797150882551		0.1021633781795697		
7		0.08239909762574381		0.0600306364706303		0.04641694953090846		0.04231826240114814		0.0464028356702945		0.0541872176168055		0.06893579246801673		0.1014587710122897		0.1059474192490315		0.1190097238245078		0.2897576254985439		0.6083798153109706		0.8598007180412646		0.8891717619441641		0.7363390667215561		0.5280408315490223		0.352534683175552		0.2317198017456014		0.1570587293241043		0.1125065857402867		
7.5		0.0906187462293666		0.06582192352454823		0.04950198063277905		0.04268862619819104		0.0447889837784273		0.05112066277785868		0.06264490762488187		0.0946454821312986		0.1037005908624418		0.09853404475651618		0.223006454741802		0.5198492935108666		0.8076896823990528		0.8994918413814726		0.7880127569830808		0.5870871329868808		0.3994439446585236		0.263118116228699		0.176295613522597		0.1243555399911581		
8		0.09980108739692187		0.07237089795562358		0.05339977171230578		0.0437966927670109		0.04371458775534093		0.04867593966403213		0.05703761955653859		0.0874545836857773		0.1024773320009911		0.08647191819871666		0.1675658367239195		0.4317416991176395		0.7419215798727025		0.893295724241732		0.8308483689603683		0.6459701644406173		0.4503485783676848		0.2988180155566555		0.198679709271088		0.1380262176747768		
8.5		0.1101351576924399		0.07971175315222512		0.05810746461900873		0.04567791418756875		0.043209656282204		0.04683049965312417		0.05221331074392978		0.0799458871074783		0.1012284645287632		0.08107811244501389		0.1240140570601644		0.3476585184715826		0.665542217966717		0.8703347383943144		0.8624378147148081		0.7025616808596267		0.5044054967470648		0.3388809974647908		0.2245752956143864		0.1538672872152323		
9		0.121857380426107		0.08791276733355473		0.06362540367828712		0.04836084360176285		0.04331077801980351		0.04555924003126016		0.04825174206305009		0.07230336408735141		0.09919414890040636		0.08049915691675423		0.09215887941201112		0.2706700600493669		0.582051681920268		0.8312293738972811		0.8807647088871059		0.754543926293206		0.5604260250736532		0.3831603735191268		0.2542892483571264		0.1722472224529605		
9.5		0.1352475839960614		0.09708214007040553		0.06996421839909935		0.05186768970279081		0.04405945229708264		0.04483807722568817		0.04520128385429942		0.06478976538724189		0.09591342002014412		0.08292040949156443		0.07114155955851367		0.203165309528638		0.495168607997856		0.777438513787832		0.8843585007364496		0.7995393585270696		0.6168919092246913		0.4312586437142695		0.2880335304836539		0.1935363509170925		
10		0.1506212651578564		0.1073717834113956		0.07715234863811646		0.05621637772617034		0.04550030297369215		0.04464810866860591		0.04307366800076126		0.05770202775186337		0.09120857347222906		0.08669082578760781		0.05957594154859554		0.1467603319451958		0.408589624688411		0.711169283529182		0.872415113213454		0.8352570734346484		0.6719996547172493		0.4824957673780164		0.3258846314181129		0.2180836214592802		
10.5		0.1683176202200124		0.1189784730031498		0.08524341536466022		0.06142407990301004		0.04767941795245945		0.04497960282822141		0.04184470615712525		0.05133131029976006		0.08514916056364298		0.09041884943120525		0.0557089829835599		0.1022673000798212		0.3257620484252031		0.6352354379383831		0.8448737706017956		0.8596449201568425		0.7237327595377616		0.5358931946849567		0.3677429089759715		0.2461883658129021		
11		0.1886830260683965		0.1321417877624794		0.09432278182763895		0.06751203982283964		0.05064310762086181		0.04583523092791293		0.04145991757301234		0.04593054821423857		0.07800136243109179		0.09303579607903337		0.05758878364574332		0.06972147966978513		0.2496858665989697		0.5528761020536548		0.8024433250291503		0.8710353228586118		0.7699587851680268		0.5901776898306971		0.4132954417213459		0.2780679300169541		
11.5		0.2120499123604865		0.1471383248552915		0.1045126158954368		0.07451137239498319		0.05443737645300712		0.04723217478530253		0.0418436874598892		0.04169133974642987		0.07016893812577155		0.09382601782318022		0.06322701798771049		0.0484593433175326		0.1827578364250368		0.4675494477275642		0.7465755567768352		0.8682729197393783		0.8085457250281105		0.6438076394729583		0.4619863688316305		0.313822709713909		
12		0.2387113245324494		0.1642717838595892		0.1159747597101561		0.08246938445147912		0.05910835183680144		0.04920298027967333		0.04291043899825803		0.03873089972072357		0.06213181307357201		0.09242578226490984		0.07074442879599577		0.03723769810192935		0.1266665110823082		0.3827173420733979		0.6793872424011603		0.8508132894063655		0.8374900269800987		0.6950227995735523		0.5129987008140502		0.3534007669639741		
12.5		0.2688919175772471		0.1838586818264875		0.1289107438214566		0.09145584105146229		0.06470381721016205		0.05179524456786192		0.04457633617227513		0.03708881397779371		0.0543877682046761		0.08879500038683495		0.078490499445311		0.03438148522433252		0.08234255529706988		0.3016370904957204		0.6035368769017002		0.8187841527951085		0.8550471220309082		0.7419164392875766		0.5652511831264111		0.3965647555200491		
13		0.3027166107299232		0.2062096962884138		0.143558356523287		0.1015685095949477		0.07127586198665711		0.05507040161464706		0.04677021313983511		0.03673249061189493		0.04740171275130736		0.083167562710174		0.08513132362211091		0.0379468306397859		0.04996422043702779		0.2271751785593557		0.5220654545837262		0.7730033222261349		0.8598545647179771		0.7825267743194486		0.6174129829765063		0.4428642568872839		
13.5		0.340178627746967		0.2316069352798465		0.1601843017049624		0.1129372577448444		0.07888450160933486		0.05910198617704428		0.04944271075785716		0.03756957818020496		0.04156580018844094		0.07598702707244163		0.08970276200742734		0.04588598084262888		0.0290136788237212		0.1616555627429428		0.4382133746565211		0.7149510575742218		0.8510379904239134		0.8149426415381706		0.6679377885277484		0.4916167613212051		
14		0.3811090915029911		0.2602777918362978		0.1790726548678772		0.1257259707112959		0.08760195317614973		0.0639738006053556		0.05257294838525213		0.03946523572198236		0.03717230807401485		0.06783473566188801		0.09162895571740898		0.05620184488174989		0.01837637990588993		0.1067518251277689		0.3552271446270148		0.6466980814560527		0.8282910501512265		0.8374167441369847		0.7151174427214679		0.541900365651776		
14.5		0.425150676427007		0.2923664346529872		0.2005090584131603		0.1401315959630196		0.09751709261543662		0.06977837983977132		0.05617242439781563		0.04226199709435656		0.03439987406864184		0.05935716917642304		0.0907089294443266		0.06708180531716872		0.01647292382788534		0.06342870476208166		0.2761700089576128		0.5707939870613969		0.7919222233871631		0.8484786604583912		0.7571535995898113		0.5925607794659884		
15		0.4717379919058805		0.327904386304103		0.2247608803371913		0.1563797239922933		0.1087394856096602		0.0766160541524314		0.06028618057586019		0.04580005333623113		0.03331247207233919		0.05119856180227584		0.08707618422543699		0.07700302707833925		0.02141129872020498		0.0319344905393826		0.203749936938587		0.4901238465169536		0.7428637914111599		0.8470392866207026		0.7922442325721858		0.642234440209227		
15.5		0.5200873279132198		0.3667820075229753		0.2520538854169534		0.1747162745097249		0.1214022923972826		0.084594760012131		0.06499154928345263		0.04993604418066745		0.03386951099715477		0.04394362395050627		0.08113772935336584		0.08480442419962742		0.03114675060902752		0.01184184626272652		0.1401766643850136		0.4077432399352805		0.6826410751597877		0.8324785457299361		0.8186802963097572		0.6893884767918554		
16		0.5691981105855295		0.4087229978202053		0.2825463183728867		0.1953950767584409		0.1356633098096498		0.09383056595374679		0.07039500341133735		0.05455885365997939		0.03594470310783784		0.03807379085730248		0.07349987584095077		0.0897234744316194		0.04363701191555611		0.002131146707415066		0.0870568844183896		0.3267034850044052		0.6133030628811432		0.8047090551578759		0.8349465959960718		0.732377002230103		
16.5		0.6178678812965804		0.453264196151412		0.3163016512346306		0.2186614044028809		0.1517034424695339		0.1044486850726009		0.07662773383099977		0.05960138866946906		0.03935090825181166		0.0339388798228738		0.06488831141711915		0.09139895127062568		0.05698198795304326		0.001307587963350242		0.04533347250321793		0.2498794422130747		0.5373185160061225		0.7642099448759025		0.8398200828780503		0.7695118566371473		
17		0.6647218434282337		0.4997429819709819		0.3532615734107367		0.2447318385380736		0.1697219945732145		0.1165845626453709		0.08384058556507271		0.06504782641982158		0.04386801491829333		0.03174453504912093		0.05606955507162312		0.08984315764753806		0.06953910779888961		0.007541378084654275		0.01527109819840876		0.1798118753713827		0.4574442965851513		0.71202705175607		0.8324584697229264		0.7991445781648829		
17.5		0.7082570571548918		0.5472944078539718		0.3932210702416142		0.2737711704545531		0.1899283444987857		0.1303844794647318		0.09219890080598224		0.07093629466080603		0.04927104354735445		0.03155448652124682		0.04777994789676412		0.08538923037934273		0.08000815913937077		0.01881931476698594		-0.003512978826935621		0.118575019595207		0.37657478515552		0.6497381156112209		0.8124723018329839		0.8197551741660496		
